   0    0    0    0    0    0    0    0    0    0    0    0    0    0    0    0    3    3    0    0
   0    0    0    0    0    0    0    0    0    0    0    0    0    0    0    0    1    1    0    0
   0  300    0    0    0    0    0    0    0    0    0    0    0    0    0    0    1    1    0    0
   0  300    0    0    0    0    0    0    0    0    0    0    0    0    0    0    1    1    0    0
   0  300    0    0    0    0    0    0    0    0    0    0    0    0    0    0    1    1    0    0
   0  300    0    0    0    0    0    0    0    0    0    0    0    0    0    0    1    1    0    0
   0  300    0    0    0    0    0    0    0    0    0    0    0    0    0    0    1    1    0    0
   0  300    0    0    0    0    0    0    0    0    0    0    0    0    0    0    1    1    0    0
   0  300    0    0    0    0    0    0    0    0    0    0    0    0    0    0    1    1    0    0
   0  300    0    0    0    0    0    0    0    0    0    0    0    0    0    0    1    1    0    0
   0  300    0    0    0    0    0    0    0    0    0    0    0    0    0    0    1    1    0    0
   0  300    0    0    0    0    0    0    0    0    0    0    0    0    0    0    1    1    0    0
   0  300    0    0    0    0    0    0    0    0    0    0    0    0    0    0    1    1    0    0
 300  300    0    0    0    0    0    0    0    0    0    0    0    0    0    0    1    1    0    0
   0  300    0    0    0    0    0    0    0    0    0    0    0    0    0    0    1    1    0    0
   0  300  500    0    0    0    0    0    0    0    0    0    0    0    0    0    1    1    0    0
   0  300  500    0    0    0    0    0    0    0    0    0    0    0    0    0    1    1    0    0
   0  300    0  500    0    0    0    0    0    0    0    0    0    0    0    0    1    1    0    0
   0  300    0  500    0    0    0    0    0    0    0    0    0    0    0    0    1    1    5    0
   0    0    0  500    0    0    0    0    0    0    0    0    0    0    0    0    1    1   10    0
   0    0    0  500    0    0    0    0    0    0    0    0    0    0    0    0    1    1   15    0
   0    0    0    0    0    0    0    0    0    0    0    0    0    0    0    0    1    1   20    0
   0    0    0    0    0    0    0    0    0    0    0    0    0    0    0    0    1    1   20    0
   0    0    0    0    0    0    0    0    0    0    0    0    0    0    0    0    1    1   20    0
   0    0    0    0    0    0    0    0    0    0    0    0    0    0    0    0    1    1   20    0
   0    0    0    0    0    0    0    0    0    0    0    0    0    0    0    0    1    1    0    0
   0    0    0    0    0    0    0    0    0    0    0    0    0    0    0    0    1    1    0    0
   0    0    0    0    0    0    0    0    0    0    0    0    0    0    0    0    1    1    0    0
   0    0    0    0    0    0    0    0    0    0    0    0    0    0    0    0    1    1    0    0
   0    0    0    0    0    0    0    0    0    0    0    0    0    0    0    0    1    1    0    0
   0    0    0    0  300    0    0    0    0    0    0    0    0    0    0    0    1    1    0    0
   0    0    0    0    0  300    0    0    0    0    0    0    0    0    0    0    1    1    0    0
   0    0    0    0    0    0    0    0    0    0    0    0    0    0    0    0    1    1    0    0
   0    0    0    0    0 -300    0    0    0    0    0    0    0    0    0    0    1    1    0    0
   0    0    0    0 -300    0    0    0    0    0    0    0    0    0    0    0    1    1    0    0
   0    0    0    0 -500    0    0    0    0    0    0    0    0    0    0    0    1    1    0    0
   0    0    0    0 -500    0    0    0    0    0    0    0    0    0    0    0    1    1    0    0
   0    0    0    0    0    0    0    0    0    0    0    0    0    0    0    0    1    1    0    0
   0  500    0    0    0    0    0    0    0    0    0    0    0    0    0    0    1    1    0    0
   0  500    0    0    0    0    0    0    0    0    0    0    0    0    0    0    1    1    0    0
   0  500    0    0    0  300    0    0    0    0    0    0    0    0    0    0    1    1    0    0
   0  500    0    0    0    0    0    0    0    0    0    0    1    0    0    0    1    1    7    0
   0  500    0    0    0    0    0    0    0    0    0    0    0    0    0    0    1    1    7    0
   0  500    0    0    0    0    0    0    0    0    0    0    0    1    0    0    1    1    7    0
   0  500    0    0    0    0    0    0    0    0    0    0    0    0    0    0    1    1    7    0
   0    0    0    0    0    0    0    0    0    0    0    0    0    0    0    0    1    1    7    0
   0    0    0    0    0    0    0    0    0    0    0    0    0    0    0    0    1    1    7    0
   0    0    0    0    0    0    0    0    0    0    0    0    0    0    0    0    1    1    7    0
   0    0    0    0    0    0    0    0    0    0    0    0    0    0    0    0    1    1    7    0
   0    0    0    0    0    0    0    0    1    0    0    0    0    0    1    0    1    1    7    0
   0    0    0    0    0    0    0    0    1    0    0    0    0    0    1    0    1    1    7    0
   0    0    0    0    0    0    0    0    1    0    0    0    0    0    1    0    1    1    7    0
   0    0    0    0    0    0    0    0    1    0    0    0    0    0    1    0    1    1    7    0
   0    0    0    0    0    0    0    0    1    0    0    0    0    0    1    0    1    1    7    0
   0    0    0    0    0    0    0    0    1    0    0    0    0    0    1    0    1    1    7    0
   0    0    0    0    0    0    0    0    1    0    0    0    0    0    1    0    1    1    7    0
   0    0    0    0    0    0    0    0    1    0    0    0    0    0    1    0    1    1    7    0
   0    0    0    0    0    0    0    0    1    0    0    0    0    0    1    0    1    1    7    0
   0    0    0    0    0    0    0    0    1    0    0    0    0    0    1    0    1    1    7    0
   0    0    0    0    0    0    0    0    1    0    0    0    0    0    1    0    1    1    7    0
   0    0    0    0    0    0    0    0    1    0    0    0    0    0    0    0    1    1    7    0
   0    0    0    0    0    0    0    0    1    0    0    0    0    0    0    0    1    1    7    0
   0    0    0    0    0    0    0    0    1    0    0    0    0    0    0    0    1    1    7    0
   0    0    0    0    0    0    0    0    1    0    0    0    0    0    0    0    1    1    7    0
   0    0    0    0    0    0    0    0    1    0    0    0    0    0    0    0    1    1    7    0
   0    0    0    0    0    0    0    0    1    0    0    0    0    0    0    0    1    1    7    0
   0    0    0    0    0    0    0    0    1    0    0    0    0    0    0    0    1    1    7    0
   0    0    0    0    0  300    0    0    1    0    0    0    0    0    0    0    1    1    7    0
   0    0    0    0    0    0    0    0    1    0    0    0    0    0    0    0    1    1   14    0
   0    0    0    0    0    0    0    0    1    0    1    0    0    0    0    0    1    1   14    0
   0    0    0    0    0    0    0    0    1    0    0    0    1    0    0    0    1    1   14    0
   0    0    0    0    0    0    0    0    1    0    0    0    0    0    0    0    1    1   14    0
   0    0    0    0    0    0    0    0    0    0    0    0    0    0    0    0    1    1   14    0
   0    0    0    0    0    0    0    0    0    0    0    0    0    0    0    0    1    1   14    0
   0    0    0    0    0    0    0    0    0    0    0    0    0    0    0    0    1    1   14    0
   0    0    0    0    0    0    0    0    0    0    0    0    0    0    0    0    1    1   14    0
   0    0    0    0    0    0    0    0    0    0    0    0    0    0    0    0    1    1   14    0
   0    0    0    0    0    0    0    0    0    0    0    0    0    0    0    0    1    1   14    0
   0    0    0    0    0    0    0    0    0    0    0    0    0    0    0    0    1    1   14    0
   0    0    0    0    0    0    0    0    0    0    0    0    0    0    0    0    1    1    7    0
   0    0    0    0    0    0    0    0    0    0    0    0    0    0    0    0    1    1    0    0
   0    0    0    0    0    0    0    0    0    0    0    0    0    0    0    0    1    1    0    0
   0    0    0    0    0    0    0    0    0    0    0    0    0    0    0    0    1    1    0    0
   0    0    0    0    0    0    0    0    0    0    0    0    0    0    0    0    1    1    0    0
   0    0    0    0    0    0    0    0    0    0    0    0    0    0    0    0    1    1    0    0
   0    0    0    0    0    0    0    0    0    0    0    0    0    0    0    0    1    1    0    0
   0    0    0    0    0    0    0    0    0    0    0    0    0    0    0    0    1    1    0    0
   0    0    0    0    0    0    0    0    0    0    0    0    0    0    0    0    1    1    0    0
   0    0    0    0    0    0    0    0    0    0    0    0    0    0    0    0    1    1    0    0
   0    0    0    0    0    0    0    0    0    0    0    0    0    0    0    1    1    1    0    0
   0    0    0    0    0    0    0    0    0    0    0    0    0    0    0    1    1    1    0    0
   0    0    0    0    0    0    0    0    0    0    0    0    0    0    0    1    1    1    0    0
   0    0    0    0    0    0    0    0    0    0    0    0    0    0    0    1    1    1    0    0
   0    0    0    0    0    0    0    0    0    0    0    0    0    0    0    1    1    1    0    0
   0    0    0    0    0    0    0    0    0    0    0    0    0    0    0    1    1    1    0    0
   0    0    0    0    0    0    0    0    0    0    0    0    0    0    0    1    1    1    0    0
   0    0    0    0    0    0    0    0    0    0    0    0    0    0    0    0    1    1    0    0
   0    0    0    0    0    0    0    0    0    0    0    0    0    0    0    0    1    1    0    0
   0    0    0    0    0    0    0    0    0    0    0    0    0    0    0    0    1    1    0    0
   0    0    0    0    0    0    0    0    0    0    0    0    0    0    0    0    1    1    0    0
   0    0    0    0    0    0    0    0    0    0    0    0    0    0    0    0    1    1    0    0
   0    0    0    0    0    0    0    0    0    0    0    0    0    0    0    0    1    1    0    0
   0    0    0    0    0    0    0    0    0    0    0    0    0    0    0    0    1    1    0    0
   0    0    0    0    0    0    0    0    0    0    0    0    0    0    0    0    1    1    0    0
   0    0    0    0    0    0    0    0    0    0    0    0    0    0    0    0    1    1    0    0
   0    0    0    0    0    0    0    0    0    0    0    0    0    0    0    0    1    1    0    0
   0    0    0    0    0    0    0    0    0    0    0    0    0    0    0    0    1    1    0    0
   0    0    0    0    0    0    0    0    0    1    0    0    0    0    0    0    1    1    0    0
   0    0    0    0    0    0    0    0    0    1    0    0    0    0    0    0    1    1    0    0
   0    0    0    0    0    0    0    0    0    1    0    0    0    0    0    0    1    1    0    0
   0    0    0    0    0    0    0    0    0    1    0    0    0    0    0    0    1    1    0    0
   0    0    0    0    0    0    0    0    0    1    0    0    0    0    0    0    3    3    0    0
   0    0    0    0    0    0    0    0    0    0    0    0    0    0    0    0    3    3    0    1
0001 0002 0003 0004 0005 0006 0007 0008 0009 0010 0011 0012 0013 0014 0015 0016 0017 0018 0019 0020
RCRL RCFB RCVR RCHR MOUY MOUX MOUL MOUR KEYW KEYA KEYS KEYD KEYQ KEYE HIGH SWIN SW-1 SW-2 SIGN EXIT